0 1 0 0 0 0 0 0
0
100
30
160
*TotalMO 2 2
0.0000000.0000000.000000
0.5880000.5880000.588000
0.9000000.9000000.900000
1 "C:\______(5).bmp"
0.5882350.8509800.725490
0.5882350.8509800.725490
0.9019610.9490201.000000
0 NULL
0.999876 -0.000231 0.000000
0.000000 0.000000 0.999876
0.000231 0.999876 0.000000
-45.598083 130.512390 0.000000
8 12 8
-84.414108 0.000000 -38.623005
-6.860288 0.000000 -38.640938
-84.335876 0.000000 299.665710
-6.782056 0.000000 299.647797
-84.414108 64.781387 -38.623005
-6.860288 64.781387 -38.640938
-84.335876 64.781387 299.665710
-6.782056 64.781387 299.647797
0 2 3
3 1 0
4 5 7
7 6 4
0 1 5
5 4 0
1 3 7
7 5 1
3 2 6
6 7 3
2 0 4
4 6 2
1.000000 0.000000 0.000000
0.000000 0.000000 1.000000
0.000000 1.000000 0.000000
155.072464 -4.347826 0.000000
110 216 0
155.072464 0.000000 -4.347826
178.935440 0.000000 -4.347826
177.496323 0.000000 3.813791
173.352554 0.000000 10.990996
167.003952 0.000000 16.318113
159.216217 0.000000 19.152613
150.928696 0.000000 19.152613
143.140976 0.000000 16.318111
136.792358 0.000000 10.990993
132.648605 0.000000 3.813787
131.209488 0.000000 -4.347830
132.648605 0.000000 -12.509447
136.792374 0.000000 -19.686651
143.140991 0.000000 -25.013767
150.928711 0.000000 -27.848265
159.216232 0.000000 -27.848263
167.003952 0.000000 -25.013762
173.352570 0.000000 -19.686642
177.496323 0.000000 -12.509435
178.935440 5.024154 -4.347826
177.496323 5.024154 3.813791
173.352554 5.024154 10.990996
167.003952 5.024154 16.318113
159.216217 5.024154 19.152613
150.928696 5.024154 19.152613
143.140976 5.024154 16.318111
136.792358 5.024154 10.990993
132.648605 5.024154 3.813787
131.209488 5.024154 -4.347830
132.648605 5.024154 -12.509447
136.792374 5.024154 -19.686651
143.140991 5.024154 -25.013767
150.928711 5.024154 -27.848265
159.216232 5.024154 -27.848263
167.003952 5.024154 -25.013762
173.352570 5.024154 -19.686642
177.496323 5.024154 -12.509435
178.935440 10.048308 -4.347826
177.496323 10.048308 3.813791
173.352554 10.048308 10.990996
167.003952 10.048308 16.318113
159.216217 10.048308 19.152613
150.928696 10.048308 19.152613
143.140976 10.048308 16.318111
136.792358 10.048308 10.990993
132.648605 10.048308 3.813787
131.209488 10.048308 -4.347830
132.648605 10.048308 -12.509447
136.792374 10.048308 -19.686651
143.140991 10.048308 -25.013767
150.928711 10.048308 -27.848265
159.216232 10.048308 -27.848263
167.003952 10.048308 -25.013762
173.352570 10.048308 -19.686642
177.496323 10.048308 -12.509435
178.935440 15.072463 -4.347826
177.496323 15.072463 3.813791
173.352554 15.072463 10.990996
167.003952 15.072463 16.318113
159.216217 15.072463 19.152613
150.928696 15.072463 19.152613
143.140976 15.072463 16.318111
136.792358 15.072463 10.990993
132.648605 15.072463 3.813787
131.209488 15.072463 -4.347830
132.648605 15.072463 -12.509447
136.792374 15.072463 -19.686651
143.140991 15.072463 -25.013767
150.928711 15.072463 -27.848265
159.216232 15.072463 -27.848263
167.003952 15.072463 -25.013762
173.352570 15.072463 -19.686642
177.496323 15.072463 -12.509435
178.935440 20.096617 -4.347826
177.496323 20.096617 3.813791
173.352554 20.096617 10.990996
167.003952 20.096617 16.318113
159.216217 20.096617 19.152613
150.928696 20.096617 19.152613
143.140976 20.096617 16.318111
136.792358 20.096617 10.990993
132.648605 20.096617 3.813787
131.209488 20.096617 -4.347830
132.648605 20.096617 -12.509447
136.792374 20.096617 -19.686651
143.140991 20.096617 -25.013767
150.928711 20.096617 -27.848265
159.216232 20.096617 -27.848263
167.003952 20.096617 -25.013762
173.352570 20.096617 -19.686642
177.496323 20.096617 -12.509435
178.935440 25.120771 -4.347826
177.496323 25.120771 3.813791
173.352554 25.120771 10.990996
167.003952 25.120771 16.318113
159.216217 25.120771 19.152613
150.928696 25.120771 19.152613
143.140976 25.120771 16.318111
136.792358 25.120771 10.990993
132.648605 25.120771 3.813787
131.209488 25.120771 -4.347830
132.648605 25.120771 -12.509447
136.792374 25.120771 -19.686651
143.140991 25.120771 -25.013767
150.928711 25.120771 -27.848265
159.216232 25.120771 -27.848263
167.003952 25.120771 -25.013762
173.352570 25.120771 -19.686642
177.496323 25.120771 -12.509435
155.072464 25.120771 -4.347826
0 2 1
0 3 2
0 4 3
0 5 4
0 6 5
0 7 6
0 8 7
0 9 8
0 10 9
0 11 10
0 12 11
0 13 12
0 14 13
0 15 14
0 16 15
0 17 16
0 18 17
0 1 18
1 20 19
1 2 20
2 21 20
2 3 21
3 22 21
3 4 22
4 23 22
4 5 23
5 24 23
5 6 24
6 25 24
6 7 25
7 26 25
7 8 26
8 27 26
8 9 27
9 28 27
9 10 28
10 29 28
10 11 29
11 30 29
11 12 30
12 31 30
12 13 31
13 32 31
13 14 32
14 33 32
14 15 33
15 34 33
15 16 34
16 35 34
16 17 35
17 36 35
17 18 36
18 19 36
18 1 19
19 38 37
19 20 38
20 39 38
20 21 39
21 40 39
21 22 40
22 41 40
22 23 41
23 42 41
23 24 42
24 43 42
24 25 43
25 44 43
25 26 44
26 45 44
26 27 45
27 46 45
27 28 46
28 47 46
28 29 47
29 48 47
29 30 48
30 49 48
30 31 49
31 50 49
31 32 50
32 51 50
32 33 51
33 52 51
33 34 52
34 53 52
34 35 53
35 54 53
35 36 54
36 37 54
36 19 37
37 56 55
37 38 56
38 57 56
38 39 57
39 58 57
39 40 58
40 59 58
40 41 59
41 60 59
41 42 60
42 61 60
42 43 61
43 62 61
43 44 62
44 63 62
44 45 63
45 64 63
45 46 64
46 65 64
46 47 65
47 66 65
47 48 66
48 67 66
48 49 67
49 68 67
49 50 68
50 69 68
50 51 69
51 70 69
51 52 70
52 71 70
52 53 71
53 72 71
53 54 72
54 55 72
54 37 55
55 74 73
55 56 74
56 75 74
56 57 75
57 76 75
57 58 76
58 77 76
58 59 77
59 78 77
59 60 78
60 79 78
60 61 79
61 80 79
61 62 80
62 81 80
62 63 81
63 82 81
63 64 82
64 83 82
64 65 83
65 84 83
65 66 84
66 85 84
66 67 85
67 86 85
67 68 86
68 87 86
68 69 87
69 88 87
69 70 88
70 89 88
70 71 89
71 90 89
71 72 90
72 73 90
72 55 73
73 92 91
73 74 92
74 93 92
74 75 93
75 94 93
75 76 94
76 95 94
76 77 95
77 96 95
77 78 96
78 97 96
78 79 97
79 98 97
79 80 98
80 99 98
80 81 99
81 100 99
81 82 100
82 101 100
82 83 101
83 102 101
83 84 102
84 103 102
84 85 103
85 104 103
85 86 104
86 105 104
86 87 105
87 106 105
87 88 106
88 107 106
88 89 107
89 108 107
89 90 108
90 91 108
90 73 91
109 91 92
109 92 93
109 93 94
109 94 95
109 95 96
109 96 97
109 97 98
109 98 99
109 99 100
109 100 101
109 101 102
109 102 103
109 103 104
109 104 105
109 105 106
109 106 107
109 107 108
109 108 91
